2.911266658826758
2.809008979567219
2.709793260829452
2.613582850038978
2.520338555386993
2.430018741874147
2.342579437694765
2.257974450449627
2.176155492575429
2.097072315282429
2.020672850200665
1.946903357851244
1.875708581984454
1.807031908762569
1.740815529713632
1.677000607344462
1.615527442277696
1.556335640769308
1.499364281470165
1.444552080317517
1.391837552479611
1.341159170327799
1.292455516474598
1.245665430991668
1.200728152006869
1.157583448972672
1.116171747997183
1.076434248731922
1.038313032415204
1.001751160774629
0.9666927655948675
0.9330831288560683
0.9008687534422911
0.8699974245071664
0.8404182616645169
0.81208176224422
0.7849398359176178
0.7589458310520629
0.7340545532006633
0.710222276171102
0.6874067461468784
0.6655671793558621
0.6446642537952459
0.6246600955294234
0.6055182600786762
0.5872037094125286
0.5696827850528865
0.5529231777793145
0.53689389441265
0.5215652221342028
0.5069086907766159
0.4928970334995454
0.4795041462391186
0.4667050462950523
0.4544758303936884
0.4427936325393522
0.431636581940616
0.4209837612724758
0.4108151655103257
0.4011116615470958
0.3918549487811497
0.3830275208396271
0.3746126285799671
0.3665942444914286
0.3589570285986045
0.3516862959502412
0.344767985759165
0.3381886322427858
0.3319353371985057
0.3259957443343894
0.3203580153626324
0.3150108078516461
0.3099432548219291
0.3051449460612452
0.300605911125908
0.296316603987124
0.2922678892742726
0.2884510300606273
0.2848576771312833
0.2814798596678467
0.2783099772797192
0.2753407933075008
0.2725654293200868
0.2699773607234339
0.2675704133956819
0.2653387612603708
0.2632769247068945
0.2613797697651576
0.2596425079397003
0.2580606966074375
0.2566302398827185
0.2553473898537737
0.2542087480958886
0.2532112673689516
0.2523522534104471
0.2516293667395703
0.2510406243938916
0.2505844015266302
0.2502594327986182
0.2500648134933343
