0.1023998423409267
0.09894782555423566
0.09554968954778596
0.09220685283308501
0.08892068450846609
0.08569249950331295
0.08252355389854721
0.07941504035869434
0.07636808371138944
0.07338373671025346
0.07046297601663823
0.06760669843478642
0.06481571743348039
0.06209075998526723
0.05943246375186736
0.05684137464143497
0.05431794475998428
0.05186253077558078
0.04947539270988735
0.04715669316742121
0.04490649700849746
0.04272477146738812
0.04061138671279165
0.03856611684336726
0.03658864130691521
0.03467854672784781
0.03283532912395799
0.03105839649020526
0.02934707172434578
0.02770059586676586
0.02611813162485764
0.02459876715071288
0.02314152003980554
0.02174534151767794
0.02040912078142014
0.0191316894629146
0.0179118261813765
0.01674826115362037
0.01563968083168694
0.01458473253893213
0.01358202907737017
0.01263015328093768
0.01172766249136404
0.01087309293546086
0.0100649639848444
0.009301782281349138
0.008582045713648791
0.007904247232849571
0.007266878497034618
0.006668433336900545
0.006107411036718541
0.005582319426858551
0.005091677786022457
0.00463401955312918
0.004207894850470744
0.003811872821304739
0.003444543786456844
0.003104521225770128
0.002790443591350068
0.002500975960509298
0.002234811537110117
0.001990673010631926
0.001767313782752003
0.001563519071519176
0.001378106903319409
0.001209929002779255
0.001057871590527131
0.0009208560983336873
0.0007978398105819925
0.0006878164402772079
0.0005898166468962077
0.0005029085023034145
0.0004261979097247719
0.0003588289793838725
0.0002999843628721345
0.0002488855466611978
0.0002047931033873814
0.0001670068976674171
0.0001348662412703169
0.0001077499905081364
8.507657676261594e-05
6.630395918801251e-05
5.092948688448044e-05
3.848965629107515e-05
2.855974827991712e-05
2.075332852536827e-05
1.472159425821806e-05
1.015255057658318e-05
6.77000014680268e-06
4.332331450031285e-06
2.63109275467333e-06
1.489341736186695e-06
7.59764106870513e-07
3.225587049387025e-07
8.309113076883645e-08
-3.067692475651058e-08
-7.097020972669859e-08
-7.317649597878937e-08
-5.899423917695237e-08
-3.972356616232168e-08
